//FSD
constSpaceTime = 0.000001
constContraction = 0.000000000001
constHyperspaceDrag = 0.00000000000000001
constXMUsage = 400

//SFD
constReactantUsage = 30000